%YAML:1.0
---
calibration_time: "Sa 20 Okt 2018 15:45:00 CEST"
nr_of_frames: 300
image_width: 1280
image_height: 960
board_width: 9
board_height: 6
square_size: 2.5000000372529030e-02
fix_aspect_ratio: 1.
# flags: +fix_skew +recompute_extrinsic
flags: 10
fisheye_model: 1
camera_matrix: !!opencv-matrix
   rows: 3
   cols: 3
   dt: d
   data: [ 6.0487130796512042e+02, 0., 6.2828014420424961e+02, 0.,
       6.0359828860270875e+02, 4.8200303049396956e+02, 0., 0., 1. ]
distortion_coefficients: !!opencv-matrix
   rows: 4
   cols: 1
   dt: d
   data: [ -1.5015024967867026e-02, -4.6596806939510578e-02,
       5.4184735246241379e-02, -2.3821350357172828e-02 ]
avg_reprojection_error: 4.9644524974025330e+02
per_view_reprojection_errors: !!opencv-matrix
   rows: 50
   cols: 1
   dt: f
   data: [ 2.87984619e+01, 3.99646187e+01, 3.96652374e+01,
       5.20298347e+01, 1.86069733e+02, 2.75417969e+02, 3.48656799e+02,
       3.12317810e+02, 3.96925537e+02, 4.05045990e+02, 4.50311615e+02,
       5.10263458e+02, 6.12330139e+02, 4.32337372e+02, 3.97697021e+02,
       4.57468262e+02, 4.47593567e+02, 3.70097412e+02, 4.05145447e+02,
       2.92712433e+02, 4.61830017e+02, 4.60821777e+02, 4.70163574e+02,
       5.68442871e+02, 4.95112274e+02, 5.27652588e+02, 7.06501770e+02,
       7.89448181e+02, 8.85885193e+02, 5.37848145e+02, 4.08956421e+02,
       4.04681091e+02, 5.32536926e+02, 1.02085861e+02, 5.33295166e+02,
       5.38151917e+02, 6.42643555e+02, 6.79614014e+02, 4.04166351e+02,
       5.45040649e+02, 5.75063782e+02, 3.61832977e+02, 5.10107605e+02,
       5.71729004e+02, 5.97560364e+02, 6.49649597e+02, 9.38794495e+02,
       4.01413239e+02, 6.62674988e+02, 3.89641632e+02 ]
# a set of 6-tuples (rotation vector + translation vector) for each view
extrinsic_parameters: !!opencv-matrix
   rows: 300
   cols: 6
   dt: d
   data: [ -8.6433815546889062e-03, 1.6951193384615701e-01,
       -3.0620185460034710e+00, 1.0618227002744912e-01,
       1.4439478942054940e-02, 6.4243918861242899e-01,
       -6.7412963809662205e-02, -2.6637274267011057e-01,
       3.1163357043815090e+00, 6.9388250481974945e-02,
       -1.7642324930988305e-02, 6.1249409171521563e-01,
       -6.8362089772972201e-02, 2.0608456023164717e-01,
       -3.1105924045386470e+00, 1.2861716059264189e-01,
       -4.4514208259731928e-03, 4.8717548287706991e-01,
       -5.5797289993371364e-02, 1.7952280543899468e-01,
       -3.1306611718633048e+00, 1.1899265565568239e-01,
       1.9333197859049763e-03, 3.5144919155097548e-01,
       -3.9268573286669051e-02, -1.6271253623990919e-01,
       3.1123529414875617e+00, 9.8141314864850490e-02,
       -1.2726400659325671e-02, 2.5916324857873052e-01,
       -5.2436360647487155e-02, 1.8226012349351248e-01,
       -3.1354902834582261e+00, 1.2482175951424845e-01,
       -1.3841975748238771e-02, 1.8414908250920731e-01,
       -7.4952593371797174e-02, 2.9968401435120036e-02,
       -3.1033433601440144e+00, 1.1898424357999685e-01,
       -7.3406071418820103e-03, 1.1103259166339842e-01,
       -9.1390793108150042e-02, -3.3489439434432489e-01,
       -3.1097796314633683e+00, 1.2110168126911766e-01,
       2.3439193159321466e-02, 8.6562201951674939e-02,
       -5.6414945727173420e-02, -5.9901069218493841e-01,
       -3.0539295532431114e+00, 1.1918109722966599e-01,
       5.2046385569436270e-02, 7.7812206886002433e-02,
       -5.2082232291445270e-02, -6.7579562765387557e-01,
       -3.0190071319693144e+00, 1.1857363039066669e-01,
       5.7448928682617285e-02, 7.1797156816338484e-02,
       -6.7113293199207835e-02, -8.0056464616931455e-01,
       -2.9882796761384944e+00, 1.1932407345665333e-01,
       7.3872404119256246e-02, 6.3689020249066128e-02,
       -4.1025095308263690e-02, -9.3365518550038484e-01,
       -2.9324212734049531e+00, 1.1850434520667973e-01,
       8.5679029444625146e-02, 5.6765013946474548e-02,
       -4.2530393342461149e-02, -1.0909652192654107e+00,
       -2.8804872410850590e+00, 1.2092811624938726e-01,
       9.3735250359717776e-02, 4.8508436429767071e-02,
       -1.5983409684803193e-01, -1.0339710318057238e+00,
       -2.8971320433288219e+00, 1.2726500725784667e-01,
       7.3985969546073824e-02, 4.5275914864435607e-02,
       -2.4828224569363472e-01, -9.1143641811517051e-01,
       -2.8163734527826687e+00, 1.2959008880219375e-01,
       5.0524790422705530e-02, 3.8579576172751942e-02,
       -2.3221872702947052e-01, -7.5631159288699790e-01,
       -2.7233277048882649e+00, 1.3687593760247649e-01,
       5.6061928894344581e-02, 4.0125345384603404e-02,
       -2.1901087012270443e-01, -6.8055023713532625e-01,
       -2.7480447164580326e+00, 1.4489869839864672e-01,
       4.8745006008658193e-02, 4.1822827759593326e-02,
       4.3569550928859252e-01, 3.2982918419735141e-01,
       2.8282146181649153e+00, 1.4203738341288019e-01,
       -2.8898435644303132e-02, 4.2435985799859209e-02,
       2.4780174449710154e-01, 5.2007706367042306e-01,
       -2.8954384132522515e+00, 5.7449518956226145e-02,
       5.2758724448137659e-02, 1.3362538987805239e-01,
       3.9956242622149879e-01, 5.0995422922115374e-01,
       -2.8952015551119485e+00, 3.2333776841442216e-02,
       4.1587488476972710e-02, 2.0017208945838408e-01,
       8.0477507626310896e-01, 5.6958805007020974e-01,
       -2.7652277831220466e+00, -4.3561912610233698e-02,
       1.8870900328488802e-02, 2.0841102739309317e-01,
       8.5674767373976690e-01, 3.8720232160759199e-01,
       -2.7370997493132658e+00, -4.5607114115557242e-02,
       5.2195440851397393e-02, 2.0783812699860907e-01,
       8.5240901888144949e-01, 2.4485147560508201e-02,
       -2.8936466405875505e+00, -2.8155330009404893e-02,
       6.6361106778029186e-02, 1.8444689282916193e-01,
       9.4540422301550731e-01, -1.8422293346948646e-01,
       -2.8966907676086957e+00, -5.9782364785255636e-02,
       9.1947749630870781e-02, 1.5331407707803704e-01,
       6.6756499661187629e-01, -1.5908201295252594e-01,
       -2.9192107419395295e+00, -9.9428717125326568e-03,
       9.4974071882281935e-02, 1.4459710083990762e-01,
       2.1245554805124633e-01, -2.0990102248305671e-02,
       -2.9406771483452308e+00, 7.6492525910515460e-02,
       4.7379018710888440e-02, 1.2330019399172554e-01,
       -5.5641664912133493e-01, 7.7353463139205686e-02,
       -2.9551823819006140e+00, 1.6502528329516167e-01,
       5.9938183957835449e-02, 3.2321765722418010e-02,
       3.1381633495544684e+06, -1.0986422930703619e+07,
       -3.4660583115376937e+06, 9.1247659809047167e+04,
       2.2399949251954298e+04, 2.0145824011599586e+03,
       -9.5554149209532058e-01, 3.2740747406439630e-01,
       -2.9456134102097131e+00, 2.3001673380406751e-01,
       1.6421156829667168e-02, 8.1084717156576808e-02,
       -9.3367978899967896e-01, 3.3747952825136990e-01,
       -2.9143908648571988e+00, 2.2983948902820853e-01,
       5.2009987312608114e-02, 1.0918636638416196e-01,
       -9.3820008460552728e-01, 2.4072218205740550e-01,
       -2.8624278459173205e+00, 2.3753719787930883e-01,
       1.2369202528628860e-01, 1.4485508516637616e-01,
       9.1078549576687429e-01, 7.0528527244231986e-03,
       2.8696078140819905e+00, 2.6145785892997275e-01,
       1.2104666543916785e-01, 1.4544378662764579e-01,
       1.1751601662286260e+00, 2.1660987067308984e-01,
       2.8733911640212781e+00, 3.3731575066753439e-01,
       9.2742571780956878e-02, 1.0437814711043991e-01,
       -4.7180286126288183e+02, 8.6130456156096352e+03,
       1.9261510855601595e+04, -8.1358179724448135e+01,
       -6.0372912998344162e+01, 5.8233231361210903e+02,
       1.3862103817214917e+00, -2.1289421475820339e-01,
       2.7122493809793644e+00, 3.1546347069566305e-01,
       9.8158291030365247e-02, 3.8133345242881374e-02,
       9.1806619306552228e-01, -8.8222673980201916e-01,
       2.7215654559364855e+00, 3.7008767250019642e-01,
       -7.4184132939170450e-02, 1.9592608089792210e-01,
       1.1486765213361536e+00, -9.5355610852364492e-01,
       2.5623259529162379e+00, 4.6388519612671991e-01,
