%YAML:1.0
---
calibration_time: "Sa 20 Okt 2018 15:38:44 CEST"
nr_of_frames: 120
image_width: 1280
image_height: 960
board_width: 9
board_height: 6
square_size: 2.5000000372529030e-02
fix_aspect_ratio: 1.
# flags: +fix_skew +recompute_extrinsic
flags: 10
fisheye_model: 1
camera_matrix: !!opencv-matrix
   rows: 3
   cols: 3
   dt: d
   data: [ 5.8800638958567333e+02, 0., 6.2952805943758779e+02, 0.,
       5.8669136653142959e+02, 4.8718087660354325e+02, 0., 0., 1. ]
distortion_coefficients: !!opencv-matrix
   rows: 4
   cols: 1
   dt: d
   data: [ -2.6890466750387022e-02, 1.3142276779513705e-02,
       -2.1870571241432261e-02, 9.1177338068463565e-03 ]
avg_reprojection_error: 2.9977735726308208e+02
per_view_reprojection_errors: !!opencv-matrix
   rows: 20
   cols: 1
   dt: f
   data: [ 1.38445807e+00, 1.28709161e+00, 1.52208507e+00,
       2.38137848e+02, 3.05327850e+02, 3.03276611e+02, 1.37808441e+02,
       1.16352455e+02, 1.42700302e+02, 2.52382492e+02, 1.61161072e+02,
       6.60123672e+01, 1.40739151e+02, 2.86980591e+02, 4.42869995e+02,
       4.31464203e+02, 3.67147186e+02, 4.74440125e+02, 4.68677216e+02,
       5.86926514e+02 ]
# a set of 6-tuples (rotation vector + translation vector) for each view
extrinsic_parameters: !!opencv-matrix
   rows: 120
   cols: 6
   dt: d
   data: [ 1.9237549061427153e-01, 2.2625237279965935e-02,
       8.5130573803592374e-02, -7.7822828092790716e-02,
       -1.3645438114046102e-01, 6.6463763492078209e-01,
       2.1399766422858724e-01, 1.2224845153683479e-02,
       4.7128341702513656e-02, -1.0809261043031479e-01,
       -1.2463521549181394e-01, 5.9071410545146275e-01,
       1.6082467139587384e-01, -1.8477999667623441e-02,
       1.4927755690299402e-02, -1.4036953807665523e-01,
       -1.3546322348435197e-01, 4.9637635722613777e-01,
       1.2196415852071722e-01, 5.5573941111467719e-02,
       9.8474870446495257e-03, -1.0207522713102948e-01,
       -1.4365294957617139e-01, 4.0226509017300305e-01,
       1.4342549398185020e-01, 4.2669358626119064e-02,
       4.1779515590965779e-02, -8.6129570371927935e-02,
       -1.4861708391524059e-01, 2.9275849493015937e-01,
       1.6315084348086448e-01, 9.3145703377936970e-03,
       6.2717045507313718e-02, -9.1184057409097338e-02,
       -1.3163100714389736e-01, 2.3924794998379917e-01,
       2.8327675365589661e-01, 1.6520233054105899e-02,
       6.4404866196513894e-02, -9.3055101162217532e-02,
       -2.0777420945364336e-01, 2.2737418943388232e-01,
       6.2939625883616113e-01, 3.5460062286922521e-02,
       4.2353755295514064e-02, -9.5927276392888602e-02,
       -2.2527444367611837e-01, 2.0859513641661767e-01,
       3.6610999137933675e-01, 3.6060891180594086e-02,
       7.4634689305037319e-02, -8.9709156662627035e-02,
       -1.6434920192436298e-01, 2.6335733006000500e-01,
       7.9742538241165048e-02, -2.1120669123607494e-02,
       1.1474601050188728e-01, -9.3846195125939585e-02,
       -1.0579959432423522e-01, 3.0845682863900792e-01,
       -2.0900538955414924e-01, -5.1034136476804035e-02,
       1.4997583939393597e-01, -8.9773695680409160e-02,
       -1.3680895952465365e-02, 3.4418563828726884e-01,
       -3.5702389320171439e-02, -8.3926857328424725e-02,
       1.5120757883021491e-01, -8.8563673162287138e-02,
       6.0186808301568966e-02, 3.3592735956682740e-01,
       -9.4567945442862830e-02, -6.9348188885206580e-02,
       1.0450698078389072e-01, -9.2340280559065194e-02,
       3.2172894008963622e-02, 3.3207731914881805e-01,
       -8.6158039109853105e-02, -1.7980146028023055e-02,
       8.4645347930768208e-02, -7.9622135988329151e-02,
       -8.8332552219358276e-02, 3.9339562190272059e-01,
       -6.1445932738723799e-02, -4.8194504587073916e-02,
       7.0471070985187678e-02, -9.9081422726137028e-02,
       -2.0574471656416443e-01, 5.1625429950291846e-01,
       6.9838660579363748e-02, -5.0508624247984732e-02,
       4.0488640958808046e-02, -1.2446081453692928e-01,
       -3.0715544994467991e-01, 6.6200281814574813e-01,
       9.2313749188095845e-02, 1.6721643303895521e-02,
       1.6088088639190229e-02, -9.6621303124969651e-02,
       -4.5706190518398854e-01, 7.6622499033680325e-01,
       3.3931968417459030e-01, -7.8018669556655746e-03,
       1.2589117163192423e-02, -1.1714574624022150e-01,
       -5.7283965232823431e-01, 7.5014510480342411e-01,
       2.0639615080186774e-01, -5.5429290407293823e-02,
       8.7315440219685111e-03, -1.2889341580086128e-01,
       -7.1078322796732418e-01, 7.4229609576412847e-01,
       6.2654509818628989e-01, -4.9720145213474988e-02,
       -2.3985930250772166e-02, -1.3972856502195843e-01,
       -7.3700992001716592e-01, 6.9320124770014901e-01,
       7.8046188484495715e-01, -5.9129400480500190e-03,
       5.2351510293011626e-03, -1.3420371935089051e-01,
       -6.5572637896412977e-01, 6.5591301867563989e-01,
       7.5314392309751543e-01, 3.7550693598703250e-02,
       5.4998071824144464e-02, -1.3512440682690277e-01,
       -5.8219516828342133e-01, 6.5576664156371089e-01,
       1.6287961329437423e-01, -7.7898242918649305e-03,
       7.9497856823405780e-02, -1.3587018289037436e-01,
       -4.9377221575142383e-01, 7.4958114508132823e-01,
       -8.2013091724705389e-02, -5.6866767908641622e-03,
       7.1691837721294574e-02, -1.2547384658721786e-01,
       -3.2829684455523339e-01, 8.0585384794124271e-01,
       -1.3879482421901640e-01, -1.6599664839448119e-02,
       6.5219788907170312e-02, -1.2093853054635094e-01,
       -1.9213116750698492e-01, 8.2847583482138620e-01,
       -3.9737634148924900e-01, -1.6961795981192088e-03,
       8.2442807953458083e-02, -1.1779443302907200e-01,
       -6.7177172614670794e-02, 8.4623077083221920e-01,
       -4.4570947680782641e-01, -3.9042289448041285e-02,
       1.3966523662879579e-01, -1.0312661564783487e-01,
       5.1385007973561603e-02, 8.4287557053909579e-01,
       -4.7033271521154718e-01, -5.7320076108287536e-02,
       1.1194689549737695e-01, -1.1161924484758833e-01,
       1.7297613769517625e-01, 7.9776949529049868e-01,
       -4.4487675163337392e-01, -1.0324304911607080e-01,
       1.4369952599335056e-01, -1.2253283892279938e-01,
       2.5863605890356600e-01, 7.6135657587549288e-01,
       -3.8617087987584175e-01, -6.0058146588580441e-02,
       1.5762596098801548e-01, -9.3932250263449923e-02,
       2.4292456528101217e-01, 7.6055145436741289e-01,
       -2.8727823089131954e-01, 1.2404195679826278e-01,
       1.7373774123893035e-01, 7.6334631019203320e-02,
       1.3721348662312349e-01, 8.1958992071328363e-01,
       -2.6972185391256698e-01, 2.2902099582210042e-01,
       1.5021017788678948e-01, 1.8025284998963662e-01,
       1.6858787084431423e-01, 7.4344292930131373e-01,
       -2.7150788074914362e-01, 4.2336248507714802e-01,
       2.2093885487231815e-01, 2.3470630095373443e-01,
       8.7891113661769146e-02, 5.7016947566100706e-01,
       -1.9617349830997882e-01, 5.7829760789579132e-01,
       1.2495824634751954e-01, 2.0663196756584928e-01,
       2.1916795314579171e-02, 4.7182761424026631e-01,
       -1.4848653395893890e-01, 7.6018866651459305e-01,
       6.7787222353842186e-02, 2.0154992928870560e-01,
       -6.0501243125344106e-02, 4.5233589971359200e-01,
       -7.1202296702087775e-02, 9.2955636022961119e-01,
       6.6928283801366589e-02, 2.4713633990400094e-01,
       -1.4568638963694039e-01, 4.4249605530029668e-01,
       -2.9817433563766125e-02, 9.3038696084616512e-01,
       1.6842345238660388e-02, 2.4593880031716250e-01,
       -2.5754143275044988e-01, 4.6163954903026722e-01,
       9.3898121104735111e-02, 9.6813947938782574e-01,
       -5.6688643958500873e-02, 2.5455912610034998e-01,
       -3.2001444668786783e-01, 4.5909728519169851e-01,
       2.6372757775427835e-01, 9.4100293601705387e-01,
       -1.7808359042505075e-02, 2.6333513108326401e-01,
       -3.8070079598745737e-01, 4.3475159087596782e-01,
       2.9639553268651880e-01, 9.3089250266132917e-01,
       2.7426687075541585e-02, 2.9035016046707407e-01,
       -3.5023336463833998e-01, 4.0946634371273682e-01,
