%YAML:1.0
---
calibration_time: "Sa 03 Nov 2018 13:13:44 CET"
nr_of_frames: 60
image_width: 1280
image_height: 960
board_width: 9
board_height: 6
square_size: 2.5000000372529030e-02
fix_aspect_ratio: 1.
# flags: +fix_skew +recompute_extrinsic
flags: 10
fisheye_model: 1
camera_matrix: !!opencv-matrix
   rows: 3
   cols: 3
   dt: d
   data: [ 5.8756683525070423e+02, 0., 6.3692473607153363e+02, 0.,
       5.8687039986254103e+02, 4.7067496206484265e+02, 0., 0., 1. ]
distortion_coefficients: !!opencv-matrix
   rows: 4
   cols: 1
   dt: d
   data: [ -1.6214628840514656e-02, -1.7279264129012942e-02,
       1.5011206727989919e-02, -4.6875867716058856e-03 ]
avg_reprojection_error: 3.4119799844374256e+02
per_view_reprojection_errors: !!opencv-matrix
   rows: 10
   cols: 1
   dt: f
   data: [ 3.50057281e+02, 1.03777931e+02, 3.56765503e+02,
       4.22168701e+02, 3.85136444e+02, 2.14868530e+02, 3.16838837e+02,
       4.72734680e+02, 3.65908356e+02, 2.70352234e+02 ]
# a set of 6-tuples (rotation vector + translation vector) for each view
extrinsic_parameters: !!opencv-matrix
   rows: 60
   cols: 6
   dt: d
   data: [ -6.9936858408219427e-01, -1.4973308673747016e-01,
       6.9485462136210485e-02, -2.3649476051740878e-01,
       1.4357086030802424e-03, 5.5615364418554447e-01,
       9.5420588533663364e-02, -4.8959570477471140e-02,
       6.7862878709831612e-02, -1.3740553579133369e-01,
       -2.5091280057833348e-01, 4.1146301278405445e-01,
       7.6090947258773134e-02, -2.9240982284686565e-02,
       7.1588327116068079e-02, -1.4246513523521642e-01,
       -3.8610573819934452e-01, 4.4571557772816156e-01,
       1.0866706802528123e-01, -4.4915044838596971e-02,
       9.4438015680467724e-02, -1.4508770547651459e-01,
       -2.8976364047876374e-01, 4.1864248939107573e-01,
       1.2176372232921741e-01, -6.2355003549978368e-02,
       9.5053481934213993e-02, -1.3868932931616196e-01,
       -1.6822162973102833e-01, 4.2013463447652716e-01,
       9.3860101927618608e-02, -5.8691414710485688e-02,
       1.0243801414084047e-01, -1.3858249221935068e-01,
       -6.3892295509396194e-02, 4.3609844274992560e-01,
       9.5605447682425206e-03, -1.0113851436287979e-01,
       8.3835074482672203e-02, -1.2813584337633657e-01,
       5.8252486910153570e-02, 4.5188129434949570e-01,
       -7.0946344649725054e-04, -9.8396724989987167e-02,
       2.9333016696229463e-02, -1.3639280143993657e-01,
       1.7518876772515080e-01, 4.8177983765160404e-01,
       5.6595475996475963e-02, 6.5049242406290411e-02,
       4.9832992463546763e-02, -3.7379268292246132e-01,
       -2.2330911891510119e-01, 4.3273369104297738e-01,
       1.3914144687644489e-01, 6.7593731589287956e-02,
       7.2373068101071553e-02, -3.7089608486120873e-01,
       -3.2712126649674217e-01, 4.3622034908257845e-01,
       1.4594729312551244e-01, 4.7676599094808737e-02,
       1.0184402983900526e-01, -3.8971774578196067e-01,
       -3.0581646050155920e-01, 4.2705467192210023e-01,
       5.1136261963007058e-02, 3.1194078453445830e-02,
       1.3918580570750117e-02, -4.3624203889447044e-01,
       -1.2332383887650765e-01, 4.5158483678870748e-01,
       4.2890989683580190e-02, 5.8511919301478990e-02,
       -3.7201024835783858e-02, -4.5190749459719665e-01,
       -4.4647506583527716e-02, 4.7053324476543024e-01,
       1.5372920679590838e-02, 1.1865393854615028e-01,
       3.1234001890018154e-02, -4.5493965860627661e-01,
       7.2928756246480805e-02, 5.0594661385334716e-01,
       -7.5535377559385358e-02, 1.2955790972614742e-01,
       7.9510645380031816e-02, -4.4067031641915189e-01,
       1.8979010766781279e-01, 4.8141463342253904e-01,
       -5.0062186993045953e-02, -1.7011606247630986e-01,
       9.9200902615213943e-02, 9.0709118507940577e-03,
       6.1521680644677265e-02, 4.8268021424912827e-01,
       -4.2544100849627071e-03, -6.0757329273427738e-02,
       3.8427493533209258e-03, 1.1342560921352504e-01,
       -7.0369611134029689e-02, 4.9615944719108568e-01,
       6.9020357748459396e-02, -1.8828427930133149e-02,
       5.0076905991288563e-02, 1.1813980248411354e-01,
       -2.1290326445155613e-01, 4.5945877660059753e-01,
       8.2573260816506580e-02, -8.6728338551582324e-02,
       3.9873891185934290e-02, 8.7400402827334162e-02,
       -3.6867608964864534e-01, 4.3260682749747259e-01,
       9.6577626551086260e-02, 1.6117057453011362e-02,
       4.6123592348953198e-02, 3.7476507866998776e-01,
       -3.7649315798652427e-01, 4.6412825085879283e-01,
       1.3989544416616229e-01, 3.0009509302970774e-02,
       6.8660270162682932e-02, 2.7979814707145728e-01,
       -2.9492508874151990e-01, 4.3746376339194049e-01,
       1.2038959121712571e-01, -3.0102419205747549e-02,
       5.9607234615010128e-02, 3.2472106770029951e-01,
       -2.2807743771110356e-01, 4.4951604797132189e-01,
       3.8202142245640718e-02, -2.4566730956470394e-02,
       2.6369885480453506e-02, 2.6987466554731504e-01,
       -1.5318704066597874e-01, 4.3508916609730874e-01,
       6.6308065644136535e-02, -6.2156805919977055e-02,
       4.0655466316260096e-02, 2.6923789274467996e-01,
       -5.8447413554606670e-02, 4.4788534168796434e-01,
       -2.6129773832395710e-02, -9.2782377009711509e-02,
       -6.9445862759916271e-03, 3.0554880405288459e-01,
       2.4524176181487788e-02, 4.7065767001085557e-01,
       -4.2329795456546353e-02, -8.1735278681128593e-02,
       -3.8894618599843847e-02, 3.2929078983711585e-01,
       9.2034155723686048e-02, 5.0985803626963233e-01,
       -1.3911836885005738e-01, -2.9944872442835463e-01,
       -1.6566314361139468e-02, 3.5099387457897047e-01,
       1.5974575795938314e-01, 5.3891250205938768e-01,
       -1.1799985511828608e-01, -5.6161949308181740e-02,
       2.3760148341863730e-02, -6.1239472218750313e-01,
       2.1643277427986257e-02, 4.5117814471977086e-01,
       -6.8751103402451705e-02, -1.6240397563355366e-01,
       5.1120737384770881e-02, -6.2537238144535412e-01,
       -1.2302275877700880e-01, 4.0592781827156477e-01,
       1.4730663270414612e-01, 4.8091120701131931e-02,
       3.7891756506231264e-02, -5.7893561274948180e-01,
       -3.7018355599562763e-01, 4.4226129917191964e-01,
       -7.0967362163577102e-02, 8.1282568138209624e-02,
       -1.5133232771100427e+00, -1.3313220830051134e-01,
       -5.8576703183813618e-02, 4.5653639013822389e-01,
       -6.5766026448335763e-02, -5.2205827370307628e-02,
       -1.4966781817950989e+00, -1.5932956158322725e-01,
       9.4503444054035740e-02, 4.3604618022596864e-01,
       -3.9154490684496793e-02, -1.7937650797581719e-02,
       -1.5882112968382673e+00, 1.0036412030415130e-01,
       1.7300286763601355e-01, 4.3983946495647547e-01,
       1.2744885851346213e-01, -1.8692331684326099e-01,
       -1.5854395050850529e+00, 3.0700227973504973e-01,
       1.3333902538625122e-02, 4.2619809014964399e-01,
       3.3588743300951733e-02, -7.2019439611554756e-02,
       -1.5556063373994635e+00, 1.5395705042365734e-01,
       -1.0556154795726346e-03, 4.2092092969625300e-01,
       -1.0236532740694980e-01, 8.6041998579302267e-02,
       -1.4549626350292097e+00, -6.9452753272206416e-02,
       6.1936833001211063e-02, 4.3586085429034066e-01,
       -2.6585748234764700e-02, 4.1600811102542157e-02,
       -1.3915179155184165e+00, -3.8977539323605914e-01,
       9.5530884727536861e-02, 4.3086101191122633e-01,
       -2.3271068852488124e-02, -8.1257518648215378e-03,
       -1.4378250273030575e+00, -3.9194190240213422e-01,
       3.8281140262529705e-02, 3.9714444376785557e-01,
       5.1707414963003552e-02, -5.3700069375199388e-02,
       -1.9099144839201783e+00, -3.4609268168180156e-02,
       9.6962954036090482e-02, 3.9907105415159710e-01,
       -1.3343033436825791e-01, 6.1613220064453959e-02,
       -2.4400689707448135e+00, 5.2929139880633337e-02,
       1.4101221461872595e-03, 3.6464469994564830e-01,
       -7.1297365338951746e-01, 3.4949058386658061e-01,
       -2.2458715521024848e+00, 7.3856950402602567e-02,
       2.6115510909938158e-02, 3.7658457563136211e-01,
