%YAML:1.0
---
calibration_time: "Di 14 Aug 2018 16:39:16 CEST"
nr_of_frames: 60
image_width: 1280
image_height: 960
board_width: 9
board_height: 6
square_size: 2.3499999195337296e-02
fix_aspect_ratio: 1.
# flags: +fix_skew +recompute_extrinsic
flags: 10
fisheye_model: 1
camera_matrix: !!opencv-matrix
   rows: 3
   cols: 3
   dt: d
   data: [ 5.9073586310065855e+02, 0., 6.3849305348764824e+02, 0.,
       5.8887741932919482e+02, 4.6794298287566244e+02, 0., 0., 1. ]
distortion_coefficients: !!opencv-matrix
   rows: 4
   cols: 1
   dt: d
   data: [ -1.5025278259926184e-02, -2.7021461033616953e-02,
       3.6296995587349785e-02, -1.7925272663515103e-02 ]
avg_reprojection_error: 1.6633576299409418e+02
per_view_reprojection_errors: !!opencv-matrix
   rows: 10
   cols: 1
   dt: f
   data: [ 1.19913826e+02, 1.35391205e+02, 1.38837448e+02,
       1.27444267e+02, 1.99059402e+02, 1.79148727e+02, 1.21723389e+02,
       1.53621246e+02, 1.76095901e+02, 2.59428467e+02 ]
# a set of 6-tuples (rotation vector + translation vector) for each view
extrinsic_parameters: !!opencv-matrix
   rows: 60
   cols: 6
   dt: d
   data: [ -2.2374959134236851e-02, -4.0385177745441765e-02,
       -3.1393370550348210e+00, 1.0381883491522337e-01,
       3.4182371798360034e-02, 9.1181655055055960e-02,
       2.4932852347795683e-02, 1.0627575350651201e-02,
       3.1283830188374728e+00, 1.0552260660330925e-01,
       3.0754807647500295e-02, 9.1592299312520234e-02,
       -2.5400851709193319e-04, -5.4212355294186498e-02,
       3.1390607761710836e+00, 1.0114859755116466e-01,
       2.2648303509548100e-02, 9.8978089515495735e-02,
       -1.3831362478476899e-02, -1.7061484901411678e-01,
       3.1213175681503107e+00, 1.0107438941642069e-01,
       4.9645237321151352e-03, 1.0604669757543538e-01,
       -1.0933340299497127e-03, -6.5112917733285258e-01,
       3.0659059534736977e+00, 1.0644487218448154e-01,
       -1.9537104875769960e-02, 1.2429615034775271e-01,
       -5.8745487113570694e-02, -7.1415713160361693e-01,
       3.0532917170493197e+00, 1.0529002403353013e-01,
       -1.6539211825500354e-02, 1.3734417775328039e-01,
       3.1275916671193493e-01, 6.9662044631716169e-01,
       -3.0197302133746953e+00, 8.1425825461381149e-02,
       -1.6179299855254452e-02, 1.6563025737468695e-01,
       -4.6811271243332692e-01, -6.9935456071541058e-01,
       3.0105070410985495e+00, 7.3767541637066558e-02,
       -2.6095271077725118e-02, 1.7515311921467164e-01,
       -6.3494761268895017e-01, -6.8461760751587097e-01,
       2.9445311956810332e+00, 5.9303324656599737e-02,
       -3.7230957322503831e-02, 1.8005126000068639e-01,
       -8.3357996917744293e-01, -6.1840329187511212e-01,
       2.9022138745142825e+00, 2.7410473700072126e-02,
       -3.4331714193538143e-02, 1.8871871638304585e-01,
       -1.0462744826913277e+00, -5.4392645040739129e-01,
       2.8781956772879380e+00, -1.8569052993249304e-03,
       -2.7484787571246023e-02, 1.8595212107573084e-01,
       1.2165330553235714e+00, 4.6699577053483926e-01,
       -2.9116898370482089e+00, -1.9252396285591101e-02,
       -2.4767784012924291e-02, 1.7420971053060835e-01,
       -6.2225520413896248e+07, 1.7123014319132462e+08,
       -5.8440062575461614e+08, -2.1391646715044279e+07,
       -5.8866769925640514e+06, 6.3267457314558089e+07,
       -1.4566134427201694e+04, 2.5057048701229942e+04,
       -4.5986879551155280e+03, -3.4224440076166843e+01,
       2.4366571386604374e+01, 6.7469154552982218e+01,
       -4.0197196060637900e+04, -1.2561003582430127e+04,
       -6.0297228847360740e+04, 6.4285393340710436e+02,
       1.9141328277416710e+02, 1.8018751022503275e+03,
       -1.7118255948733352e+06, 8.0135708036735160e+06,
       1.4720954086680697e+07, -2.5616505496067652e+06,
       -1.2165056527957434e+05, -5.6573417724911729e+06,
       -3.8948525094054189e+03, -8.0177762662860744e+02,
       6.7556643515973462e+01, -3.1984151905606171e+02,
       -3.0582382862693015e+02, 9.2942064809928286e+02,
       -8.5792767359758983e+05, 3.5392593682531774e+05,
       -1.2240909069306091e+06, -1.5706006492820457e+06,
       -1.6196148472071674e+06, 3.6772381318660737e+06,
       -5.2377550607712892e+03, 3.6462169209004402e+04,
       -1.0069767294362109e+05, 8.8695663417135453e+00,
       3.9607474734879555e+00, -2.9134031213393882e+01,
       -3.5962681587291107e+05, 4.7718502727315587e+05,
       5.0379432609393320e+05, -1.2764037351137642e+04,
       -4.6564949869164639e+03, 6.7394449700086174e+04, 0., 0., 0.,
       -2.8199993323672989e-01, -5.8749837544652711e-02,
       1.2011635476626883e-53, 1.2792638542080417e+00,
       2.5266577946366980e-01, -2.9458613104382523e+00,
       -2.4923875970642544e-02, 4.8667517289774833e-03,
       1.6932262359809647e-01, -1.2075754271567847e+00,
       -8.6994235064518810e-02, 2.7967108983635596e+00,
       -2.4049265272079148e-02, 2.7511465005945021e-02,
       1.7117229370664175e-01, 1.2686291873458939e+00,
       1.3195762807814483e-02, -3.0135703762299748e+00,
       -9.7937798437731424e-03, 1.7075337753602236e-02,
       1.5866231771820974e-01, 3.5040225254483239e+03,
       -1.0594766115429436e+04, 3.8464528377063067e+02,
       -1.6263267300205712e+03, -4.7091306958671811e+02,
       2.4246632650129391e+03, 1.0237690276097879e+08,
       -3.2097964398497444e+07, -1.6697422761942941e+08,
       -2.2958500599618322e+08, 1.1489645025678062e+08,
       4.9313619490418047e+08, -9.4560266316735775e-01,
       1.2980111803177491e-01, 2.8457286272882238e+00,
       3.9100625743897485e-02, 2.9776854400868413e-02,
       1.3100189813685845e-01, -9.0181532883668258e-01,
       1.3073103677094600e-01, 2.8584998061131981e+00,
       4.8381375619532992e-02, 3.5910120202875262e-02,
       1.3142873916634781e-01, -7.9610409300980456e-01,
       1.4826258568955297e-01, 2.8704670713345628e+00,
       5.7813364253046749e-02, 4.3313273658681331e-02,
       1.2312247036761460e-01, -5.6914704353348289e-01,
       1.3864268086227924e-01, 2.9027803272325294e+00,
       7.0175933741205523e-02, 4.2663135319330990e-02,
       9.9886647029218817e-02, -4.0155803737496815e-01,
       6.1822087439189287e-02, 2.8464007979945403e+00,
       7.8372581174086492e-02, 2.4652616882405325e-02,
       8.6896689054417789e-02, -1.9008646762420719e-01,
       1.6059686833460035e-01, 2.9671245396590646e+00,
       9.1419380442604267e-02, 4.6718353962951611e-02,
       6.9418308963166975e-02, -6.6771347992140795e-02,
       2.1455928843586911e-01, 3.0296891861270798e+00,
       9.8515872194212317e-02, 5.9494471798041994e-02,
       5.7333996494701084e-02, 3.7965445347569522e-02,
       2.6971689944721661e-01, 3.0512493350594077e+00,
       1.0858761138033551e-01, 6.3523822174083477e-02,
       4.7992953274886001e-02, 1.4637520333391452e-01,
       2.5787190837232110e-01, 3.0492766942908043e+00,
       1.3107326628447261e-01, 5.5447022713543889e-02,
       3.5928185308326054e-02, 1.6493043266540017e-01,
       2.4808350478379557e-01, 3.0429985827572561e+00,
       1.3953828587469772e-01, 5.4265786167595600e-02,
       3.3878280028710454e-02, 3.2031982540654247e-01,
       2.3938469218123473e-01, 3.1170238270614821e+00,
       1.4141922390236586e-01, 5.9504981199461980e-02,
       2.3130940591233221e-02, 4.0889345158810895e+04,
       1.6032702719724011e+04, 6.7688738386625337e+04,
       -3.0200621245549149e+02, -5.1489802221876715e+01,
       -3.2650827361128216e+02, 6.4174442892402108e+05,
       -1.6668988757971709e+06, -6.3693484461063961e+05,
       6.0467486812004086e+02, 3.3375059070201235e+02,
       3.3800532607397763e+01, -1.7401583958540044e+01,
       -5.3042824683520357e+03, -3.3440914449967177e+03,
       6.0487423012734030e+02, 2.6228359588846598e+02,
       1.0549877340349701e+02, 7.7237807017906596e+02,
       -1.4394354306567418e+04, -2.6547135566504735e+03,
       9.4181213090691344e+01, 5.5046770123123224e+01,
       8.1476624240158230e+01, 1.9975464364761338e+07,
       1.3343156706201150e+08, 1.7382356763277593e+08,
